id_node1,id_node2,distance_km,time_h
e803327500,7597b7f172,141.0388121781283,1.5670979130903144
e803327500,e1efc02da1,190.14828730060216,2.1127587477844685
e803327500,dfa0e9598c,232.06500916826133,2.57850010186957
e803327500,8ba4593bde,334.40602026839974,3.715622447426664
e803327500,94a5213013,72.05566975859469,0.8006185528732743
e803327500,5aee113a8c,714.3299008263841,7.936998898070935
e803327500,4ceff4c75a,295.0093159949905,3.277881288833228
e803327500,77f42b31ae,829.8189890418362,9.220210989353735
e803327500,c0312bdd42,268.2620906812501,2.980689896458334
e803327500,6f670a882b,229.17912971362807,2.5464347745958675
e803327500,23c991379f,298.57363607137626,3.317484845237514
e803327500,94b449dab2,138.05811937681048,1.5339791041867832
e803327500,97e5d8fab3,55.79775957831936,0.6199751064257707
e803327500,79f8f23f25,2125.675537480105,23.618617083112277
e803327500,dd057e3fc2,300.0686032977794,3.3340955921975493
e803327500,53ed3d8aef,321.45552308169704,3.571728034241078
e803327500,931ef37a71,616.4198772275882,6.849109746973203
e803327500,6b4c779323,435.64702359188794,4.84052248435431
e803327500,8a621c9988,91.40866412779303,1.0156518236421448
e803327500,57a6ee8a8a,85.38945820787826,0.9487717578653141
e803327500,ce00146abe,291.52708542821836,3.239189838091315
e803327500,eb5f666107,120.39332499064112,1.3377036110071236
e803327500,5d59ca0ecf,369.3385972113295,4.103762191236995
e803327500,517e178776,164.6421402501604,1.829357113890671
e803327500,d7c287434c,232.20002346941976,2.580000260771331
e803327500,d96a47311f,109.75653215720779,1.2195170239689754
e803327500,cab4ef8e0d,224.3011544592283,2.492235049546981
e803327500,e62c5064c7,480.61834311670475,5.340203812407831
e803327500,873ab7f908,93.8298801237989,1.0425542235977656
e803327500,1d0680b872,79.42105095540987,0.8824561217267763
e803327500,0964b90be1,115.46689173490583,1.2829654637211758
e803327500,2f65bb04c0,183.9559014536987,2.043954460596652
e803327500,31b5d750e6,298.85301033543544,3.3205890037270605
e803327500,4e7524f094,264.1786192150505,2.935317991278339
e803327500,790b874881,195.56856789152323,2.1729840876835915
e803327500,be72307682,119.38447490666589,1.326494165629621
e803327500,51a2befb22,205.7439213393594,2.2860435704373265
e803327500,57e0cc21f4,182.44560519782357,2.0271733910869285
e803327500,5bf6600052,70.78830177114925,0.7865366863461027
e803327500,53814dfc7e,139.8990639461715,1.5544340438463502
e803327500,666040d70a,321.21859700660633,3.5690955222956258
e803327500,d42c8c8ab5,132.80318308434934,1.475590923159437
e803327500,852d8f4ab7,33.771549740782305,0.3752394415642478
e803327500,36cc71a6f9,299.71083677096243,3.3301204085662492
e803327500,6d1d824969,164.78777668458483,1.830975296495387
e803327500,726b472fbc,113.4478645482862,1.2605318283142912
e803327500,c3ecf715c9,171.84441726986404,1.9093824141096005
e803327500,9ec4fbb0ad,218.0393864022636,2.42265984891404
e803327500,c112656d80,106.93909066023426,1.1882121184470473
e803327500,14cd6c7320,288.1829233646819,3.202032481829799
e803327500,8884d89e82,223.32022148722746,2.4813357943025274
e803327500,34f4a6a202,154.07869690634192,1.7119855211815769
e803327500,7761b2e297,302.3630613631662,3.359589570701847
e803327500,b335c7258a,338.623966415731,3.7624885157303445
e803327500,1efebf584e,172.05024393882704,1.9116693770980782
e803327500,5bbf22ae4e,289.5464959045958,3.2171832878288424
e803327500,7b5076231e,341.9312379899689,3.799235977666321
e803327500,879c20b96b,315.02050503522605,3.500227833724734
e803327500,b659e3461b,244.73720727111512,2.71930230301239
e803327500,25b22eeeea,317.7623402928383,3.5306926699204255
e803327500,15436d2737,282.40331686600626,3.137814631844514
e803327500,c3b7566245,234.77791046011006,2.6086434495567783
e803327500,380a3c967f,300.4723628915544,3.33858180990616
e803327500,bc511fc112,1755.591196252219,19.50656884724688
e803327500,74ec9bcd39,78.03009666190042,0.8670010740211157
e803327500,f9e96216c5,263.0591291669815,2.9228792129664614
e803327500,3aa0af3549,323.4038357861441,3.593375953179379
e803327500,09f0065325,92.23982131112639,1.0248869034569599
e803327500,916fe1dc37,229.09318645689538,2.54547984952106
e803327500,63cb1c2f47,121.70770934817416,1.3523078816463796
e803327500,d1e8b9cca1,151.31443185001945,1.681271465000216
e803327500,d6867a4566,195.14059421476435,2.1682288246084926
e803327500,53b25e1952,348.6172393860909,3.8735248820676764
e803327500,981322437b,389.88308203172477,4.332034244796942
e803327500,9bee228a75,258.605133959454,2.873390377327267
e803327500,40c08d1654,141.16359820729608,1.5684844245255118
e803327500,cfa55ea716,122.56115058002146,1.3617905620002384
e803327500,7131bc15b0,292.2956643956245,3.2477296043958277
e803327500,034548982b,36.55977972985059,0.40621977477611765
e803327500,e84521cbfb,251.22395072084936,2.7913772302316597
e803327500,e0c197ebc9,208.73780083908918,2.319308898212102
e803327500,ae7b85511d,73.15887293059617,0.812876365895513
e803327500,a1ad34adf8,415.0199473556196,4.611332748395773
e803327500,5c2c1184ee,44.619937842890096,0.49577708714322327
e803327500,4e00c6e936,80.06449546840942,0.8896055052045491
e803327500,2ea95b3ab6,228.53434219225005,2.5392704688027785
e803327500,c3d82c56d6,448.95162632715727,4.988351403635081
e803327500,53db1497e3,96.89542025484644,1.076615780609405
e803327500,06c8bdd334,281.84956145663836,3.1316617939626483
e803327500,cf865bfc31,260.7059203394933,2.896732448216592
e803327500,04e3d678cb,80.71579547011802,0.8968421718902003
e803327500,d475ee14e1,174.13254122107304,1.9348060135674783
e803327500,181391ae0c,71.6506742925729,0.79611860325081
e803327500,81e40ff254,147.01376154982574,1.6334862394425083
e803327500,7cfc41c25c,89.57231970599464,0.9952479967332738
e803327500,3fb6e50423,251.83145938137704,2.798127326459745
e803327500,20a6cc26f1,89.52921003117325,0.9947690003463694
e803327500,5d89e7615b,47.52992950516593,0.528110327835177
e803327500,c6ff092785,265.43606349357407,2.9492895943730453
e803327500,72de18fad8,288.700103113899,3.2077789234877665
e803327500,047f8c52a2,262.56226093891877,2.9173584548768754
e803327500,99ea1a2ebf,66.15163780498544,0.7350181978331716
e803327500,473f1ad813,121.61117094872336,1.3512352327635928
e803327500,e45a3df72f,224.43864784771625,2.493762753863514
e803327500,48158b897e,133.5457884349439,1.4838420937215988
e803327500,345fd59866,272.8614674672027,3.031794082968919
e803327500,28ee3b7fe9,269.5670812313107,2.9951897914590075
e803327500,d0482fc0b2,240.4747376013298,2.6719415289036643
e803327500,0e9a33426b,295.7005247750426,3.2855613863893622
e803327500,27fb7349ab,274.5917368238317,3.0510192980425743
e803327500,18f2991dd2,285.687110222614,3.174301224695711
e803327500,acfe01d5e7,82.92475788141076,0.9213861986823417
e803327500,9bef564262,205.29732177110392,2.281081353012266
e803327500,74c123185f,230.73457428897126,2.5637174920996806
e803327500,846cf2e480,237.30298518201576,2.6366998353557305
e803327500,36bedd0ef0,481.85926409593776,5.353991823288197
e803327500,8841aea1bd,333.44745985389056,3.7049717761543395
e803327500,e55c73b893,247.38145752940187,2.7486828614377985
e803327500,3ec1090115,711.9631508081696,7.9107016756463295
e803327500,0006ef2978,241.73183876661886,2.6859093196290984
e803327500,061d60c000,135.35729699040903,1.5039699665601003
e803327500,76fe43c036,319.36021264958555,3.5484468072176174
e803327500,d90b3a9685,188.71415643021632,2.096823960335737
e803327500,0d7cd9c417,260.67640731249435,2.896404525694382
e803327500,83a43c612b,212.7840027805729,2.3642666975619213
e803327500,e69f0b8fe6,255.9581896552298,2.843979885058109
e803327500,61a782fe9e,192.3764340599503,2.1375159339994476
e803327500,f51d5b83de,337.4411835241567,3.7493464836017414
e803327500,bd0631981a,240.56775748766884,2.6729750831963206
e803327500,bd0d51945d,149.2949945820744,1.65883327313416
e803327500,d0a298c1ca,228.47783747732282,2.53864263863692
e803327500,a43a3dfe6b,544.8486992760287,6.053874436400319
e803327500,f89d2d069f,258.9016131429971,2.876684590477746
e803327500,ba744e4ccd,238.97903223810133,2.655322580423348
e803327500,0836588c90,329.8108164974869,3.6645646277498543
e803327500,d83aee5461,263.51008242159827,2.9278898046844253
e803327500,13af5f0b62,391.1514308077383,4.34612700897487
e803327500,27a3622b33,133.3772950189508,1.481969944655009
e803327500,164ad58858,318.97330826015093,3.5441478695572326
e803327500,dd0b23f486,4.211375877645768,0.0467930653071752
e803327500,b268eccc2e,217.23667628401373,2.4137408476001525
e803327500,c31b25537f,223.4089977998759,2.4823221977763987
e803327500,cb9f3fe19d,110.63263309690922,1.2292514788545468
e803327500,7a4124b685,323.5496452941776,3.5949960588241954
e803327500,6a74eaf5ca,367.92939690371253,4.08810441004125
e803327500,4c6c43cee5,450.09643524100875,5.001071502677875
e803327500,a34630deee,131.05919568338322,1.4562132853709246
e803327500,ba003048e8,553.0493586544294,6.144992873938104
e803327500,f4e70c8e0a,302.5494155219194,3.361660172465771
e803327500,ee0434766a,288.638993940193,3.2070999326688114
e803327500,1eea7b8045,304.17223670680073,3.3796915189644525
e803327500,0529d01b37,104.64536355698607,1.1627262617442897
e803327500,37fd2072f0,243.89709940695073,2.7099677711883414
e803327500,62ebfbbb84,178.7568600864908,1.9861873342943424
e803327500,80970b9691,293.2919928246479,3.2587999202738653
e803327500,a28f8ae066,117.77942221751584,1.3086602468612871
e803327500,922c6c5ef3,320.67365704319707,3.563040633813301
e803327500,b00c419c25,197.2486594454812,2.1916517716164576
e803327500,424487056d,104.2237879129452,1.1580420879216133
e803327500,3c96fc947f,151.58883706179657,1.6843204117977397
e803327500,7dddc644e9,545.294764959135,6.0588307217681665
e803327500,281490894e,664.9015412488562,7.387794902765069
e803327500,7bf43bceb8,361.1392917684895,4.012658797427661
e803327500,74e1ed67d0,295.19959480269216,3.2799954978076906
e803327500,edd8009eca,285.3226853086476,3.170252058984973
e803327500,12b0b1a628,410.09584544465406,4.556620504940601
e803327500,d0125b298d,129.1706776535935,1.4352297517065944
e803327500,60c6c43768,252.69220003178592,2.8076911114642877
e803327500,3d907cf790,221.85566302930576,2.4650629225478418
e803327500,e670a8a9d4,378.0142130769932,4.200157923077702
e803327500,a3b09374ca,145.96414555600555,1.6218238395111728
e803327500,b6dce97688,2029.100871173465,22.545565235260725
e803327500,0fdecd5432,257.0208033514922,2.8557867039054687
e803327500,ff39ac6cd5,208.15320204794295,2.312813356088255
e803327500,ddb5fdc991,305.7267673908046,3.396964082120051
e803327500,d7f1b6856c,397.8829386967173,4.4209215410746365
e803327500,db6c6815b7,61.19086745936141,0.6798985273262379
e803327500,2e6a884ef6,165.49179248758733,1.8387976943065258
e803327500,12384e93b5,338.4672722897025,3.7607474698855836
e803327500,586fa13d50,226.5722775200327,2.5174697502225856
e803327500,e31fdcab4d,156.36917673410719,1.7374352970456355
e803327500,0efb9deb16,382.18232010477885,4.2464702233864315
e803327500,1f6b6dee21,121.83776451752729,1.3537529390836365
e803327500,41ef9fd543,95.17941325508468,1.0575490361676076
e803327500,2ead0b9159,210.54312222119924,2.3393680246799917
e803327500,2564412b8f,305.1337645953561,3.3903751621706237
e803327500,d9b1bf95e4,249.225047553977,2.7691671950441887
e803327500,848e63cb28,160.24520860088086,1.7805023177875652
e803327500,5dd85f8e6a,1867.1168670333186,20.745742967036872
e803327500,6402422335,83.04834793021506,0.922759421446834
e803327500,b9aad8372d,257.79377552676937,2.8643752836307708
e803327500,c008c057ed,12.046417252171574,0.13384908057968417
e803327500,95082386e2,216.91764781527476,2.410196086836386
e803327500,ed02bf352c,192.2267934368846,2.135853260409829
e803327500,cd1422ca19,83.37665379154619,0.9264072643505132
e803327500,e41909fd82,60.273900961379354,0.6697100106819929
e803327500,005141b844,210.97403236139718,2.344155915126635
e803327500,49a6fe0fc7,387.2285283440272,4.3025392038225245
e803327500,346f4572dd,201.28065574962213,2.236451730551357
e803327500,aadd50e099,75.67676695393098,0.8408529661547887
e803327500,6cf3b39ac6,130.9119916771483,1.4545776853016479
e803327500,234ac45c54,256.6414657926392,2.851571842140436
e803327500,e3125ea691,209.98241196613688,2.3331379107348544
e803327500,50eba3b5e2,247.95945959076715,2.7551051065640797
e803327500,5f5c0209bb,245.76855744032918,2.730761749336991
e803327500,c2bdcbf1e6,241.18733124114104,2.6798592360126783
e803327500,42ff9f0471,83.67936487071786,0.9297707207857541
e803327500,3821e42e30,117.62368922399878,1.3069298802666531
e803327500,5ce079596e,35.36379241034533,0.3929310267816148
e803327500,7c7c461a2c,57.45886703602246,0.6384318559558051
e803327500,3a0c8b81c5,71.82317862102353,0.7980353180113725
e803327500,9427f1d332,199.71556127289,2.219061791921
e803327500,759ab81d90,94.753390287459,1.0528154476384333
e803327500,b589ec1523,276.58610458916047,3.073178939879561
e803327500,71d038e16f,41.49326561386862,0.46103628459854024
e803327500,1cebeaa211,294.4160509198972,3.2712894546655247
e803327500,590999acbe,537.3979754799116,5.971088616443462
e803327500,78e967fa70,76.08477488855148,0.845386387650572
e803327500,e79898ae7c,273.80578775810096,3.0422865306455664
e803327500,95e6949dee,435.4970599348084,4.838856221497871
e803327500,8e4c430aea,151.5215650790042,1.683572945322269
e803327500,d617085ab1,677.1131102072093,7.5234790023023255
e803327500,5960156fbf,267.7404285887436,2.97489365098604
e803327500,f2684ab93d,228.0260728882647,2.53362303209183
e803327500,e639973562,213.3718399150524,2.37079822127836
e803327500,afe899e53c,317.0263914245571,3.522515460272857
e803327500,8a629a2faf,166.99538129587697,1.8555042366208552
e803327500,f555606743,80.22282230004684,0.8913646922227427
e803327500,7cf439946f,48.18854302371049,0.5354282558190054
e803327500,2647a93e20,262.6076611163112,2.9178629012923465
e803327500,415553669e,229.56697175793556,2.5507441306437286
e803327500,ca6be55f56,246.1929221468708,2.735476912743009
e803327500,78bfc9430a,204.057200177151,2.2673022241905665
e803327500,27b24c9df5,291.5797386243022,3.239774873603358
e803327500,79fa107203,293.93425385271695,3.2659361539190774
e803327500,981f604d5a,76.00454597556752,0.8444949552840836
e803327500,efbcc0b9a0,180.62817130705673,2.0069796811895193
e803327500,2fac506b51,405.23164804202514,4.502573867133613
e803327500,d0be6fa4fa,330.4379348053432,3.671532608948258
e803327500,842b603099,241.59756558635033,2.6844173954038926
e803327500,b239d81b8f,173.12283115279843,1.9235870128088715
e803327500,804e0ad062,92.33612367987742,1.0259569297764157
e803327500,7ce0c227c6,71.01852529678276,0.7890947255198084
e803327500,04964861f5,95.88327666584127,1.0653697407315696
e803327500,89890345fa,200.71685000330888,2.2301872222589876
e803327500,b1ce30e917,194.87633305430597,2.1652925894922888
e803327500,1d2f5b1f88,296.6690833381222,3.296323148201358
e803327500,bab5bfe703,264.1281575194479,2.934757305771643
e803327500,a414d2ed32,83.06006189964883,0.9228895766627647
e803327500,b690a2ff75,85.83674916700107,0.953741657411123
e803327500,726881ca61,313.9789977118662,3.488655530131847
e803327500,6d5a036687,373.5146114758164,4.150162349731294
e803327500,14e455cf83,287.18274125351024,3.1909193472612247
e803327500,78f9d4c5d1,130.28561971344791,1.447617996816088
e803327500,cfdcacd037,416.48379083037895,4.6275976758930994
e803327500,60aefb3512,264.6642244510856,2.9407136050120624
e803327500,34ad001b2f,326.87876321206846,3.631986257911872
e803327500,b3cfda26af,222.54090042503015,2.4726766713892236
e803327500,1272cc6601,154.957773423325,1.7217530380369443
e803327500,9f242fa503,147.4168240326976,1.6379647114744178
e803327500,5d01947735,254.16938109550782,2.8241042343945315
e803327500,1aed189151,294.50455768977736,3.272272863219748
e803327500,1ea179db6e,300.0126074880654,3.33347341653406
e803327500,69dfc2f4c6,252.85864221149058,2.8095404690165617
e803327500,b204986e97,363.49948757092386,4.038883195232487
e803327500,449532c12a,319.2105342858875,3.546783714287639
e803327500,b1dbe52773,190.68007284658407,2.1186674760731563
e803327500,5aa18783d9,346.07471020274807,3.845274557808312
e803327500,d7a7f5f186,341.04807258170325,3.789423028685592
e803327500,a4b4269028,192.58567965787998,2.139840885087555
e803327500,4f29488858,212.56244997450324,2.3618049997167025
e803327500,dc68d61efe,126.86248116485764,1.4095831240539738
e803327500,ab3aa544bb,73.80821988855725,0.8200913320950806
e803327500,cdb82c173e,730.8366167835391,8.120406853150435
e803327500,1afc5769de,98.12636700800518,1.0902929667556132
e803327500,aace534141,155.0496191374888,1.7227735459720979
e803327500,ba22951abf,180.45799287310874,2.005088809701208
e803327500,76842b6054,57.71565212766664,0.6412850236407404
e803327500,96938eb81c,220.10076342219097,2.445564038024344
e803327500,a65fbc4ab8,631.8357281176592,7.020396979085102
e803327500,7f694862c1,259.7702170408516,2.8863357448983513
e803327500,c07d769be6,264.36933381359864,2.9374370423733183
e803327500,e543fa995c,126.73697605602302,1.4081886228447003
e803327500,8a1bb7feec,163.96055316625808,1.8217839240695342
e803327500,d58d68833e,158.64602169889815,1.7627335744322017
e803327500,d8cc4bb419,198.69045220242228,2.2076716911380254
e803327500,299e7a18cb,78.44883003781447,0.8716536670868275
e803327500,49b4f34ea9,143.97259226879487,1.5996954696532764
e803327500,a3a9e10564,254.09790228828635,2.8233100254254038
e803327500,63c4c4f3d9,211.47824610042713,2.349758290004746
e803327500,af421d3b60,94.12309311294412,1.0458121456993792
e803327500,8306cc8e30,331.39231673679024,3.6821368526310025
e803327500,598f6b1ff7,74.59510211267268,0.8288344679185853
e803327500,abce769cab,231.99667432986882,2.5777408258874313
e803327500,98754995a6,262.3122091925857,2.9145801021398414
e803327500,33e177c42e,103.68662491557198,1.152073610173022
e803327500,ad71836e91,279.1002610478413,3.101114011642681
e803327500,a6c2fe526b,294.6657411772244,3.2740637908580488
e803327500,1dfb6be4dc,301.77836561478995,3.353092951275444
e803327500,a43706005a,36.07024332820955,0.4007804814245505
e803327500,b0ab1673fb,270.778883419489,3.0086542602165443
e803327500,b82e1d1c74,108.90638827757311,1.2100709808619234
e803327500,b2de859bf8,276.0470064529905,3.0671889605887834
e803327500,f183432985,111.74759008211318,1.2416398898012575
e803327500,c6f610746c,200.34211542447125,2.226023504716347
e803327500,167d5c6c7b,180.3186488364172,2.0035405426268578
e803327500,85c935495a,362.2797898140342,4.025330997933713
e803327500,6d722d410f,169.26946927901392,1.8807718808779323
e803327500,5f0ac761d4,463.0427685330725,5.144919650367472
e803327500,cfdd95192d,424.7163652407979,4.719070724897755
e803327500,79ada411eb,333.8223292030752,3.7091369911452796
e803327500,9f5acb8ed6,411.1318999555432,4.568132221728257
e803327500,e86d450d76,817.7043277458217,9.085603641620242
e803327500,1a1043fa41,45.845884442784644,0.5093987160309404
e803327500,3954004707,168.96300374868997,1.8773667083187775
e803327500,c83d9fa7a3,401.02637068889874,4.455848563209986
e803327500,e88a15fc13,485.9947255920389,5.399941395467099
e803327500,0ecd8c5a61,233.3340248190732,2.59260027576748
e803327500,c23d6b7fb2,107.0469537229322,1.189410596921469
e803327500,1abd0377b2,111.35186854432746,1.2372429838258607
e803327500,86907304fb,267.02847720801896,2.9669830800890997
e803327500,f15c148a6b,230.94796023222005,2.566088447024667
e803327500,d172433026,265.5788946313595,2.950876607015106
e803327500,01bb856af9,245.8493029715952,2.731658921906613
e803327500,6871679ae5,96.65325504035408,1.0739250560039342
e803327500,1c365b01df,389.6652971778639,4.329614413087377
e803327500,c7a41cfefd,185.09982919524367,2.0566647688360407
e803327500,bad0c64c7d,391.92162636280375,4.354684737364486
e803327500,10c1a3432c,97.45416996251845,1.0828241106946495
e803327500,17cefebfdc,664.5961278994193,7.384401421104659
e803327500,8a766e4a89,253.67917329022205,2.818657481002467
e803327500,e5592a2a36,491.83273159167004,5.464808128796334
e803327500,7426b293df,235.39011971497283,2.615445774610809
e803327500,c9eed4dd25,275.9438520120309,3.0660428001336766
e803327500,de0c1f40b4,202.54302566707202,2.250478062967467
e803327500,99f5c51525,52.84081689212389,0.5871201876902654
e803327500,ac30530da1,174.76059319751943,1.941784368861327
e803327500,7b0b944330,261.7376570990875,2.9081961899898614
e803327500,323857f277,129.10987439555967,1.434554159950663
e803327500,4fc75cc1b8,374.3433785275345,4.159370872528162
e803327500,918139003b,287.10850738421584,3.190094526491287
e803327500,dee3d2e10f,1864.3684543802603,20.71520504866956
e803327500,5758fc58f5,93.25337659753693,1.0361486288615214
e803327500,6cad90dae0,189.45019645021037,2.1050021827801153
e803327500,2a7f397c3e,222.63666111925457,2.4737406791028285
e803327500,ce95e5b722,179.73239739130457,1.9970266376811618
e803327500,2fd98aad68,425.02629717038485,4.722514413004276
e803327500,951362d212,195.6832692672518,2.174258547413909
e803327500,ff99d64e7c,242.36184545610843,2.6929093939567603
e803327500,13ffc02990,276.0721512846404,3.067468347607116
e803327500,166438f590,281.51297821916944,3.1279219802129936
e803327500,99e076ff71,70.1771996728519,0.7797466630316877
e803327500,9658cb58c7,247.55001064672572,2.750555673852508
e803327500,0dde5e2a00,202.09922732562703,2.2455469702847446
e803327500,0958251aaf,293.1527991096712,3.257253323440791
e803327500,150feca7f8,170.19904331395392,1.8911004812661547
e803327500,8b3e9cead9,296.78053037452526,3.297561448605836
e803327500,1a8c4eb49e,348.157431797536,3.868415908861511
e803327500,6b934f26b5,64.06304554546098,0.7118116171717886
e803327500,29f7724804,29.352119920258176,0.32613466578064637
e803327500,dda26e4012,200.04180588693504,2.222686732077056
e803327500,7af18c173a,93.34706817725112,1.0371896464139012
e803327500,9b9d52cdcb,104.87672599740522,1.1652969555267245
e803327500,9f3155a07f,295.574907611141,3.284165640123789
112cf37aed,07e6c93a78,327.5837464832466,3.6398194053694066
112cf37aed,552c58a676,245.23879339976122,2.724875482219569
112cf37aed,8076a8dab7,136.67730527609186,1.5186367252899096
112cf37aed,21de2c4a13,167.18553853593667,1.8576170948437407
112cf37aed,a62e3c0499,43.06749337758271,0.4785277041953634
112cf37aed,eeffe01f4c,193.7447528130948,2.1527194757010535
112cf37aed,30bb5e9850,117.07162758989236,1.3007958621099152
112cf37aed,120774aaee,36.79982217397198,0.40888691304413316
112cf37aed,c0b5a157a7,342.6656546580672,3.807396162867413
112cf37aed,04b7701eda,325.65457946584036,3.618384216287115
112cf37aed,19d5d97b5e,29.110247199508144,0.32344719110564607
112cf37aed,b209ca41a4,268.42336414463506,2.9824818238292785
112cf37aed,2699df5b3e,226.0480725401407,2.511645250446008
112cf37aed,afff68c60b,242.55029201471783,2.695003244607976
112cf37aed,afe5548b00,201.7586475842118,2.2417627509356866
112cf37aed,f4aa0d9f94,30.461357565697618,0.3384595285077513
112cf37aed,d51c60c534,169.08412457229176,1.8787124952476861
112cf37aed,f938fad741,1827.340898566233,20.303787761847033
112cf37aed,04c20f7626,180.72091995902792,2.008010221766977
112cf37aed,ff30a8b597,158.13810844983328,1.7570900938870364
112cf37aed,cef23ad9ad,32.54428209684971,0.36160313440944125
112cf37aed,ddc5773c0f,273.87925888566826,3.043102876507425
112cf37aed,8adf2e9721,165.53227207209346,1.839247467467705
112cf37aed,d6877b4e79,191.0932061220308,2.1232578458003424
112cf37aed,c13abb456b,220.35646118365548,2.448405124262839
112cf37aed,8b07a83b84,186.79159994241547,2.075462221582394
112cf37aed,6c836a9595,272.79173489423573,3.031019276602619
112cf37aed,1f65b1ca05,335.4852593308847,3.7276139925653853
112cf37aed,7271b295ca,258.6541655038225,2.873935172264695
112cf37aed,9a1e55ab98,157.66180999759484,1.751797888862165
112cf37aed,3dff8239ef,261.7084075833752,2.9078711953708356
112cf37aed,1b16322034,163.9822603962222,1.8220251155135798
112cf37aed,327f0db648,150.7842629934854,1.6753806999276157
112cf37aed,5d31da915a,120.93091330717694,1.3436768145241882
112cf37aed,f2e3e72afb,291.4387727336608,3.2382085859295646
112cf37aed,b7db3b37ca,105.520053355217,1.172445037280189
112cf37aed,3e07aceb44,156.94236767544885,1.743804085282765
112cf37aed,f0f7b6fb13,230.8081632311933,2.564535147013259
112cf37aed,0eae82d1fa,117.44093249945753,1.3048992499939727
112cf37aed,14b51e7837,19.63669947445054,0.21818554971611712
112cf37aed,72f37f6d7a,139.39644728555078,1.5488494142838976
112cf37aed,240bcf3b86,143.06158913776022,1.5895732126417803
112cf37aed,9973b32e92,514.374204519038,5.715268939100422
112cf37aed,4c7c1078f0,120.69940153505485,1.3411044615006094
112cf37aed,b82c94fe67,311.58944499090416,3.4621049443433796
112cf37aed,a688826f6c,284.9818633334702,3.1664651481496686
112cf37aed,6c89fb73b6,125.2525604494223,1.3916951161046922
112cf37aed,1ae5e342bc,283.29850154606305,3.1477611282895896
112cf37aed,86bae87217,372.9092031330667,4.143435590367408
112cf37aed,85e11ef04e,102.39365565539056,1.137707285059895
112cf37aed,6d413f606b,318.7582269028443,3.5417580766982697
112cf37aed,fa6eed631b,342.04302008120277,3.800478000902253
112cf37aed,8b228eb029,174.0893307261718,1.9343258969574644
112cf37aed,3ed9a74f6e,100.73797338497556,1.1193108153886173
112cf37aed,311ee22564,258.4001601921139,2.871112891023488
112cf37aed,554486b5c7,208.0888020454502,2.3120978005050024
112cf37aed,56454e0225,200.3146376597228,2.225718196219142
112cf37aed,aa5ddefc7a,310.3857048789725,3.4487300542108055
112cf37aed,f6041a534f,106.90680389055252,1.1878533765616948
112cf37aed,296bb6692f,149.55264076950033,1.6616960085500037
112cf37aed,abceefbff0,187.03949534589515,2.0782166149543904
112cf37aed,0ccff6ab6f,288.61408063496384,3.2068231181662648
112cf37aed,7f25585156,259.89942657611937,2.8877714064013262
112cf37aed,a6fd751fe9,207.4876507035749,2.3054183411508324
112cf37aed,c0bf4ab462,214.50897036605318,2.3834330040672573
112cf37aed,f1c40e18c2,259.0301414829031,2.878112683143368
112cf37aed,f516d681ee,619.8222766378307,6.886914184864785
112cf37aed,242ba064ff,133.72720450636348,1.485857827848483
112cf37aed,3866f92033,144.04978290892353,1.6005531434324838
112cf37aed,bd1ede9d08,198.77251481797296,2.2085834979774774
112cf37aed,c3066f90f7,136.10852267671456,1.5123169186301617
112cf37aed,82e059b83c,172.5025278397469,1.9166947537749657
112cf37aed,b808ed5f1c,409.25128152067566,4.547236461340841
112cf37aed,8eac17f437,124.32409417577941,1.3813788241753266
112cf37aed,e1da0b42ae,262.4256387287395,2.915840430319328
112cf37aed,b4c56c69a4,80.29114328348408,0.8921238142609341
112cf37aed,d8e6d4447c,70.4205341539549,0.7824503794883878
112cf37aed,783edd415d,256.9136143680309,2.854595715200343
112cf37aed,c98ff95121,481.6085905411247,5.351206561568053
112cf37aed,4148bc9518,74.13305404931864,0.823700600547985
112cf37aed,603762453b,552.3131732363255,6.136813035959173
112cf37aed,54f51d573e,220.5987769011009,2.4510975211233434
112cf37aed,0dce71648d,226.42499111984452,2.5158332346649392
112cf37aed,32c67a9415,80.40120939137628,0.893346771015292
112cf37aed,32ec0c2ef9,186.79120665415405,2.0754578517128226
112cf37aed,0fad3930c1,103.587467005163,1.1509718556129223
112cf37aed,514ae0f038,228.10753518496324,2.5345281687218137
112cf37aed,37e5a68ed5,323.75319845683504,3.5972577606315004
112cf37aed,7fdb7f4529,215.48723890091225,2.3943026544545805
112cf37aed,b4760eab05,195.85401082067736,2.176155675785304
112cf37aed,6131d6163c,115.47575767318152,1.2830639741464613
112cf37aed,f30f4c040d,128.38492140028163,1.426499126669796
112cf37aed,7f15f38d75,162.95272694917537,1.8105858549908374
112cf37aed,68e51f80cb,146.50320514814206,1.6278133905349117
112cf37aed,ef85c3715f,166.03340862643685,1.844815651404854
112cf37aed,0fd2045304,193.97953981065695,2.1553282201184105
112cf37aed,50ef13c8f5,150.16883420106942,1.6685426022341046
112cf37aed,c10855f02f,91.65056865180176,1.0183396516866863
112cf37aed,0350205f0e,156.96728025225943,1.7440808916917714
112cf37aed,4b34f55e29,60.13491390377844,0.6681657100419827
112cf37aed,d4de0e6101,216.48358133085546,2.405373125898394
112cf37aed,e5b7cb9028,287.9601883215363,3.1995576480170698
112cf37aed,58b76956a3,162.68422910697063,1.807602545633007
112cf37aed,ec6ddaf216,257.0398062538914,2.8559978472654604
112cf37aed,601b3508f9,106.73001439111687,1.1858890487901874
112cf37aed,1d2fb1dd8d,52.01535485487912,0.5779483872764347
112cf37aed,baba321218,268.31098975324034,2.981233219480448
112cf37aed,607739c05d,516.1585455220828,5.735094950245364
112cf37aed,fc098eface,57.84842823645688,0.6427603137384098
112cf37aed,2fac0b2d02,261.13945888499234,2.9015495431665816
112cf37aed,d25d82fddd,1916.778493371763,21.29753881524181
112cf37aed,66543348f0,225.30359375527826,2.503373263947536
112cf37aed,8a2c6d6f4f,307.121696122939,3.4124632902548777
112cf37aed,f3ebd287a1,352.4198914094172,3.9157765712157464
112cf37aed,c5460ecc04,254.53254586612078,2.828139398512453
112cf37aed,c3a2e65986,199.09688039484277,2.2121875599426977
112cf37aed,153ab08b80,99.15808815991659,1.1017565351101843
112cf37aed,7ca45a0fda,99.18679628677491,1.102075514297499
112cf37aed,9c397653a2,171.0650141182496,1.900722379091662
112cf37aed,7597b7f172,118.32630866067156,1.3147367628963507
112cf37aed,e1efc02da1,163.54037429262084,1.8171152699180093
112cf37aed,dfa0e9598c,197.88912789717625,2.198768087746403
112cf37aed,8ba4593bde,324.32047314450676,3.603560812716742
112cf37aed,94a5213013,54.51121143766963,0.6056801270852181
112cf37aed,5aee113a8c,681.0722892093861,7.56746988010429
112cf37aed,4ceff4c75a,269.08353419615054,2.989817046623895
112cf37aed,77f42b31ae,799.5090576493138,8.883433973881266
112cf37aed,c0312bdd42,229.55716450319935,2.5506351611466593
112cf37aed,6f670a882b,233.61873012333183,2.59576366803702
112cf37aed,23c991379f,303.1372541044683,3.36819171227187
112cf37aed,94b449dab2,99.28615581126815,1.1031795090140906
112cf37aed,97e5d8fab3,25.914383139263492,0.28793759043626105
112cf37aed,79f8f23f25,2136.130618647109,23.73478465163454
112cf37aed,dd057e3fc2,293.018165617358,3.2557573957484225
112cf37aed,53ed3d8aef,309.26733480060886,3.436303720006765
112cf37aed,931ef37a71,620.9620322354235,6.899578135949151
